5 0.140625 0.003125000000000011 0.05 0.0031250000000000054 0.05000000000000001 0.1140625 0.140625 0.1140625
3 0.15156250000000002 0.1515625 0.07656250000000002 0.1515625 0.07656250000000002 0.2359375 0.15156250000000004 0.2359375
3 0.25 0.15156250000000004 0.1875 0.15156250000000004 0.18750000000000003 0.234375 0.25 0.234375
3 0.3812500000000001 0.40625 0.3125000000000001 0.40625 0.3125000000000001 0.4734375 0.3812500000000001 0.4734375
0 0.3796875 0.13125000000000003 0.296875 0.13125000000000003 0.296875 0.2515625 0.3796875 0.2515625000000001
1 0.615625 0.0015625000000000697 0.51875 0.0015625000000000638 0.51875 0.13125000000000006 0.615625 0.1312500000000001
4 0.7359375 0.1281250000000001 0.646875 0.1281250000000001 0.646875 0.2578125000000001 0.7359375 0.2578125000000001
2 0.853125 0.003125000000000099 0.765625 0.0031250000000000943 0.765625 0.12343750000000009 0.853125 0.12343750000000009
5 0.9984375 0.004687500000000116 0.8953125 0.00468750000000011 0.8953125 0.1250000000000001 0.9984375 0.12500000000000014
0 0.8671875 0.2718750000000001 0.7671875 0.2718750000000001 0.7671875 0.3578125000000001 0.8671875 0.3578125000000001
12 0.26250000000000007 0.36875 0.16875000000000004 0.36875 0.16875000000000004 0.4703125 0.26250000000000007 0.4703125
9 0.734375 0.5000000000000001 0.64375 0.5 0.64375 0.6078125000000001 0.734375 0.6078125000000002
10 0.24375000000000008 0.63125 0.16406250000000008 0.63125 0.16406250000000008 0.7046875 0.24375000000000008 0.7046875
10 0.9765625 0.6390625000000002 0.8859375 0.6390625000000002 0.8859375 0.7140625000000002 0.9765625 0.7140625000000002
10 0.11250000000000009 0.7609375 0.03281250000000009 0.7609375 0.03281250000000009 0.8359375 0.11250000000000009 0.8359375
11 0.4937500000000002 0.753125 0.3968750000000001 0.753125 0.3968750000000001 0.859375 0.4937500000000002 0.859375
7 0.7578125000000002 0.7546875000000001 0.6656250000000001 0.7546875 0.6656250000000001 0.8421875 0.7578125000000002 0.8421875
7 0.2296875000000001 0.8921875 0.1296875000000001 0.8921875 0.12968750000000012 0.9875 0.2296875000000001 0.9875
9 0.36406250000000007 0.8796875 0.27031250000000007 0.8796875 0.27031250000000007 1 0.36406250000000007 1
12 0.9984375 0.8765625 0.8796875 0.8765625 0.8796875 0.9796875 0.9984375 0.9796875
6 1.0000107897799695 0.005065806809187888 0.004814794997525653 0.0007178514874640657 0.00044898750000012255 0.9999999999999998 0.995644982282444 1.0043479553217236