3 0.25 0.14687500000000003 0.178125 0.146875 0.17812500000000003 0.2375 0.25 0.2375
0 0.375 0.13281250000000006 0.284375 0.13281250000000006 0.284375 0.23906250000000004 0.375 0.2390625000000001
5 0.721875 0.020312500000000084 0.634375 0.020312500000000077 0.634375 0.11250000000000009 0.721875 0.11250000000000009
4 0.7296875 0.11718750000000008 0.628125 0.11718750000000008 0.628125 0.25468750000000007 0.7296875 0.25468750000000007
0 0.8484375 0.2578125000000001 0.7640625 0.2578125000000001 0.7640625 0.3625000000000001 0.8484375 0.3625000000000001
3 0.3812500000000001 0.39375000000000004 0.3078125000000001 0.39375 0.3078125000000001 0.475 0.3812500000000001 0.475
10 0.2390625000000001 0.6234375 0.1593750000000001 0.6234375 0.1593750000000001 0.7015625 0.2390625000000001 0.7015625
9 0.7296875 0.4937500000000001 0.640625 0.49375 0.640625 0.5984375000000001 0.7296875 0.5984375000000002
11 0.4968750000000002 0.7453125 0.3984375000000001 0.7453125 0.3984375000000001 0.8453125 0.4968750000000002 0.8453125
7 0.7515625000000001 0.7468750000000001 0.6593750000000002 0.746875 0.6593750000000002 0.8359375 0.7515625000000001 0.8359375
9 0.3609375000000001 0.8734375 0.2609375000000001 0.8734375 0.2609375000000001 0.9921875 0.3609375000000001 0.9921875
7 0.22812500000000008 0.88125 0.11875000000000009 0.88125 0.1187500000000001 0.984375 0.22812500000000008 0.984375
12 0.86875 0.8703125 0.7609375000000002 0.8703125 0.7609375000000002 0.978125 0.86875 0.978125
6 1.0010454346949655 0.981962589414844 0.982588075209019 -0.01208674042699589 -0.017383392066309213 0.006480580422289063 0.0010739674196373005 1.0005299102641292