5 0.1203125 0.012500000000000011 0.028125 0.012500000000000006 0.028125000000000004 0.115625 0.1203125 0.115625
3 0.1296875 0.1578125 0.057812500000000024 0.1578125 0.057812500000000024 0.23125 0.12968750000000004 0.23125
3 0.2375 0.15000000000000002 0.16875 0.15 0.16875 0.2328125 0.2375 0.2328125
0 0.3640625 0.14062500000000006 0.2765625 0.14062500000000006 0.2765625 0.24062500000000003 0.3640625 0.2406250000000001
4 0.7203125 0.12656250000000008 0.6296875 0.12656250000000008 0.6296875 0.2453125000000001 0.7203125 0.2453125000000001
2 0.8265625 0.009375000000000095 0.740625 0.009375000000000092 0.740625 0.11250000000000009 0.8265625 0.11250000000000009
5 0.971875 0.003125000000000113 0.8765625 0.003125000000000107 0.8765625 0.10781250000000012 0.971875 0.10781250000000013
0 0.84375 0.2562500000000001 0.7546875 0.2562500000000001 0.7546875 0.3453125000000001 0.84375 0.3453125000000001
3 0.3687500000000001 0.39843750000000006 0.3062500000000001 0.3984375 0.3062500000000001 0.4734375 0.3687500000000001 0.4734375
12 0.2453125000000001 0.3640625 0.15468750000000003 0.3640625 0.15468750000000003 0.4625 0.2453125000000001 0.4625
10 0.2390625000000001 0.625 0.15781250000000008 0.625 0.15781250000000008 0.696875 0.2390625000000001 0.696875
10 0.10781250000000009 0.7625 0.018750000000000093 0.7625 0.018750000000000096 0.8359375 0.10781250000000009 0.8359375
9 0.7234375 0.4875 0.63125 0.4875 0.63125 0.5875 0.7234375 0.5875
11 0.4906250000000002 0.74375 0.3984375000000001 0.74375 0.3984375000000001 0.8484375 0.4906250000000002 0.8484375
7 0.22656250000000008 0.8875 0.1281250000000001 0.8875 0.1281250000000001 0.9875 0.22656250000000008 0.9875
9 0.3546875000000001 0.8703125 0.2687500000000001 0.8703125 0.2687500000000001 0.9921875 0.3546875000000001 0.9921875
7 0.7531250000000002 0.7343750000000001 0.6578125000000001 0.734375 0.6578125000000001 0.8234375 0.7531250000000002 0.8234375
12 0.9984375 0.8453125 0.88125 0.8453125 0.88125 0.9515625 0.9984375 0.9515625
6 1.0005693965304263 0.9806714267348052 0.980692583114003 -0.016124752114783508 -0.01934697739087351 0.0038167366017344724 0.0005298360255497098 1.0006129154513232