5 0.23125 0.14687500000000003 0.140625 0.146875 0.14062500000000003 0.2421875 0.23125 0.2421875
1 0.471875 0.12968750000000004 0.36875 0.12968750000000004 0.36875 0.2453125000000001 0.471875 0.2453125000000001
0 0.7109375 0.14062500000000008 0.640625 0.14062500000000008 0.640625 0.2234375000000001 0.7109375 0.2234375000000001
3 0.8359375 0.16562500000000008 0.7671875 0.16562500000000008 0.7671875 0.2375000000000001 0.8359375 0.2375000000000001
3 0.4734375 0.2828125000000001 0.4078125 0.2828125000000001 0.4078125 0.3515625000000001 0.4734375 0.3515625000000001
4 0.7234375 0.3734375000000001 0.628125 0.3734375000000001 0.628125 0.4796875 0.7234375 0.4796875
8 0.36406250000000007 0.5171875 0.25468750000000007 0.5171875 0.25468750000000007 0.609375 0.36406250000000007 0.609375
10 0.33281250000000007 0.6484375 0.2593750000000001 0.6484375 0.2593750000000001 0.7171875 0.33281250000000007 0.7171875
10 0.9484375 0.6531250000000002 0.8671875 0.6531250000000002 0.8671875 0.7234375000000002 0.9484375 0.7234375000000002
11 0.7484375000000001 0.6375000000000001 0.63125 0.6375 0.6312500000000001 0.7343750000000001 0.7484375000000002 0.7343750000000002
6 1 6.123233995736766e-17 0 0 6.123233995736766e-17 1 1 1