3 0.13437500000000002 0.1484375 0.05625000000000002 0.1484375 0.05625000000000002 0.2375 0.13437500000000005 0.2375
3 0.2390625 0.1453125 0.1671875 0.1453125 0.16718750000000002 0.2375 0.2390625 0.2375
0 0.3671875 0.13125000000000003 0.284375 0.13125000000000003 0.284375 0.24062500000000003 0.3671875 0.2406250000000001
4 0.7328125 0.12031250000000009 0.6375 0.12031250000000009 0.6375 0.2578125000000001 0.7328125 0.2578125000000001
5 0.721875 0.020312500000000084 0.6390625 0.020312500000000077 0.6390625 0.11093750000000009 0.721875 0.11093750000000009
2 0.840625 0.004687500000000098 0.7546875 0.004687500000000093 0.7546875 0.12031250000000009 0.840625 0.12031250000000009
0 0.859375 0.2640625000000001 0.7625 0.2640625000000001 0.7625 0.3625000000000001 0.859375 0.3625000000000001
3 0.3703125000000001 0.4046875 0.3078125000000001 0.4046875 0.3078125000000001 0.4734375 0.3703125000000001 0.4734375
12 0.2468750000000001 0.36875 0.15625000000000006 0.36875 0.15625000000000006 0.4671875 0.2468750000000001 0.4671875
10 0.23593750000000008 0.628125 0.15625000000000008 0.628125 0.15625000000000008 0.7046875 0.23593750000000008 0.7046875
9 0.7265625 0.5015625000000001 0.640625 0.5015625 0.640625 0.6062500000000001 0.7265625 0.6062500000000002
11 0.4890625000000002 0.759375 0.3937500000000001 0.759375 0.3937500000000001 0.8625 0.4890625000000002 0.8625
7 0.7640625000000002 0.7562500000000001 0.6562500000000002 0.75625 0.6562500000000002 0.8390625 0.7640625000000002 0.8390625
12 0.878125 0.878125 0.7625000000000002 0.878125 0.7625000000000002 0.9859375 0.878125 0.9859375
9 0.35625000000000007 0.884375 0.2671875000000001 0.884375 0.2671875000000001 1 0.35625000000000007 1
7 0.22031250000000008 0.903125 0.12500000000000008 0.903125 0.1250000000000001 0.9984375 0.22031250000000008 0.9984375
10 0.10156250000000008 0.7671875 0.017187500000000095 0.7671875 0.0171875000000001 0.846875 0.10156250000000008 0.846875
6 1 0.0004694828125000627 0.0009256515625000612 0.00046948281250000154 0.0009256515625001224 1 1 1