5 0.13125 0.010937500000000011 0.0390625 0.010937500000000006 0.03906250000000001 0.1171875 0.13125 0.1171875
2 0.8421875 0.010937500000000096 0.7546875 0.010937500000000091 0.7546875 0.1218750000000001 0.8421875 0.1218750000000001
3 0.13593750000000002 0.1484375 0.06875000000000002 0.1484375 0.06875000000000002 0.2359375 0.13593750000000004 0.2359375
3 0.2453125 0.153125 0.178125 0.153125 0.17812500000000003 0.2359375 0.2453125 0.2359375
0 0.371875 0.14375000000000004 0.2875 0.14375000000000004 0.2875 0.24062500000000003 0.371875 0.2406250000000001
4 0.734375 0.1281250000000001 0.640625 0.1281250000000001 0.640625 0.2562500000000001 0.734375 0.2562500000000001
0 0.8578125 0.2687500000000001 0.7671875 0.2687500000000001 0.7671875 0.3593750000000001 0.8578125 0.3593750000000001
3 0.3750000000000001 0.403125 0.3062500000000001 0.403125 0.3062500000000001 0.48125 0.3750000000000001 0.48125
12 0.2531250000000001 0.36875 0.15937500000000004 0.36875 0.15937500000000004 0.4671875 0.2531250000000001 0.4671875
10 0.2390625000000001 0.6265625 0.1609375000000001 0.6265625 0.1609375000000001 0.7015625 0.2390625000000001 0.7015625
9 0.7296875 0.5000000000000001 0.646875 0.5 0.646875 0.6109375000000001 0.7296875 0.6109375000000001
10 0.10781250000000009 0.7640625 0.021875000000000096 0.7640625 0.0218750000000001 0.84375 0.10781250000000009 0.84375
11 0.4906250000000002 0.7578125 0.3984375000000001 0.7578125 0.3984375000000001 0.8640625 0.4906250000000002 0.8640625
7 0.7593750000000001 0.7578125000000001 0.6593750000000002 0.7578125 0.6593750000000002 0.8421875 0.7593750000000001 0.8421875
12 1 0.875 0.8765625 0.875 0.8765625 0.98125 1 0.98125
9 0.35625000000000007 0.884375 0.2687500000000001 0.884375 0.2687500000000001 1 0.35625000000000007 1
7 0.22656250000000008 0.9 0.12500000000000008 0.9 0.1250000000000001 0.9953125 0.22656250000000008 0.9953125
6 1 6.375001486698529e-17 0.0005287093750000612 2.550049021806279e-18 0.0005287093750001225 1 1 1