3 0.1375 0.1625 0.06406250000000002 0.1625 0.06406250000000002 0.2296875 0.13750000000000004 0.2296875
3 0.2390625 0.15000000000000002 0.171875 0.15 0.17187500000000003 0.228125 0.2390625 0.228125
3 0.4703125 0.38750000000000007 0.409375 0.38750000000000007 0.409375 0.4484375 0.4703125 0.4484375
0 0.359375 0.14531250000000004 0.2859375 0.14531250000000004 0.2859375 0.234375 0.359375 0.234375
4 0.703125 0.1218750000000001 0.625 0.1218750000000001 0.625 0.22656250000000008 0.703125 0.22656250000000008
2 0.815625 0.021875000000000096 0.7375 0.02187500000000009 0.7375 0.11093750000000009 0.815625 0.11093750000000009
5 0.9578125 0.007812500000000113 0.8734375 0.007812500000000108 0.8734375 0.1031250000000001 0.9578125 0.10312500000000013
10 0.23437500000000008 0.625 0.16406250000000008 0.625 0.16406250000000008 0.690625 0.23437500000000008 0.690625
10 0.1062500000000001 0.7640625 0.03281250000000009 0.7640625 0.03281250000000009 0.8328125 0.1062500000000001 0.8328125
10 0.95 0.6218750000000002 0.875 0.6218750000000002 0.875 0.6921875000000002 0.95 0.6921875000000002
12 0.3593750000000001 0.621875 0.2812500000000001 0.621875 0.2812500000000001 0.7046875 0.3593750000000001 0.7046875
9 0.3546875000000001 0.8765625 0.2734375000000001 0.8765625 0.2734375000000001 1 0.3546875000000001 1
9 0.603125 0.6125 0.5234375 0.6125 0.5234375 0.7078125 0.603125 0.7078125
7 0.7406250000000002 0.7328125000000001 0.6484375000000002 0.7328125 0.6484375000000002 0.821875 0.7406250000000002 0.821875
12 0.9859375 0.8546875 0.878125 0.8546875 0.878125 0.959375 0.9859375 0.959375
6 1.0007723576699394 0.9742356954374223 0.9752026423913348 -0.01786927909902341 -0.024452396528604793 0.007895025463554358 0.0011173187499999987 1