3 0.12656250000000005 0.190625 0.06250000000000003 0.190625 0.06250000000000003 0.25 0.12656250000000005 0.25
3 0.2296875 0.17812500000000003 0.165625 0.178125 0.16562500000000002 0.2484375 0.2296875 0.2484375
3 0.4609375 0.40625 0.3984375000000001 0.40625 0.3984375000000001 0.4625 0.4609375 0.4625
0 0.35 0.17343750000000005 0.2734375 0.17343750000000005 0.2734375 0.2515625 0.35 0.2515625
2 0.8171875 0.04218750000000009 0.7328125 0.042187500000000086 0.7328125 0.1312500000000001 0.8171875 0.1312500000000001
5 0.9703125 0.03125000000000012 0.8671875 0.03125000000000011 0.8671875 0.12031250000000011 0.9703125 0.12031250000000013
10 0.22656250000000008 0.6328125 0.15625000000000008 0.6328125 0.15625000000000008 0.7046875 0.22656250000000008 0.7046875
10 0.10468750000000009 0.7625 0.028125000000000087 0.7625 0.028125000000000094 0.8453125 0.10468750000000009 0.8453125
10 0.95625 0.6453125000000002 0.871875 0.6453125000000002 0.871875 0.7171875000000002 0.95625 0.7171875000000002
12 0.3515625000000001 0.63125 0.2656250000000001 0.63125 0.2656250000000001 0.71875 0.3515625000000001 0.71875
12 0.9953125 0.88125 0.8734375 0.88125 0.8734375 0.9953125 0.9953125 0.9953125
9 0.596875 0.634375 0.5125 0.634375 0.5125 0.725 0.596875 0.725
9 0.3500000000000001 0.878125 0.26250000000000007 0.878125 0.26250000000000007 1 0.3500000000000001 1
7 0.7343750000000002 0.753125 0.6406250000000002 0.753125 0.6406250000000002 0.846875 0.7343750000000002 0.846875
6 1 0.0010384218750001208 6.06918676379308e-17 0.0010384218750000595 1.218606225940293e-16 1 1 1