5 0.2359375 0.14218750000000002 0.1421875 0.1421875 0.14218750000000002 0.2421875 0.2359375 0.2421875
1 0.4796875 0.11250000000000004 0.3734375 0.11250000000000004 0.3734375 0.2406250000000001 0.4796875 0.2406250000000001
3 0.4859375 0.27812500000000007 0.4125 0.27812500000000007 0.4125 0.3515625000000001 0.4859375 0.3515625000000001
3 0.84375 0.15000000000000008 0.778125 0.15000000000000008 0.778125 0.2296875000000001 0.84375 0.2296875000000001
0 0.603125 0.2656250000000001 0.528125 0.2656250000000001 0.528125 0.3515625000000001 0.603125 0.3515625000000001
4 0.7375 0.3609375000000001 0.6421875 0.3609375000000001 0.6421875 0.47343750000000007 0.7375 0.4734375000000002
8 0.2515625000000001 0.490625 0.13125000000000003 0.490625 0.13125000000000006 0.6109375 0.2515625000000001 0.6109375
10 0.3531250000000001 0.6453125 0.27812500000000007 0.6453125 0.27812500000000007 0.7171875 0.3531250000000001 0.7171875
10 0.9671875 0.6421875000000001 0.896875 0.6421875000000001 0.896875 0.7093750000000002 0.9671875 0.7093750000000002
11 0.765625 0.6296875000000001 0.6515625 0.6296875 0.6515625 0.721875 0.765625 0.7218750000000002
6 1 6.123233995736766e-17 0 0 6.123233995736766e-17 1 1 1