5 0.1234375 0.0031250000000000097 0.03125 0.003125000000000004 0.03125000000000001 0.1171875 0.1234375 0.1171875
3 0.13593750000000002 0.1515625 0.06093750000000002 0.1515625 0.06093750000000002 0.234375 0.13593750000000004 0.234375
3 0.2453125 0.153125 0.171875 0.153125 0.17187500000000003 0.2390625 0.2453125 0.2390625
3 0.48125 0.4046875 0.415625 0.4046875 0.415625 0.465625 0.48125 0.465625
0 0.371875 0.13906250000000003 0.2921875 0.13906250000000003 0.2921875 0.24062500000000003 0.371875 0.2406250000000001
1 0.6203125 0.01718750000000007 0.5296875 0.017187500000000067 0.5296875 0.13281250000000006 0.6203125 0.13281250000000008
4 0.7421875 0.1296875000000001 0.6484375 0.1296875000000001 0.6484375 0.2562500000000001 0.7421875 0.2562500000000001
2 0.85625 0.0187500000000001 0.765625 0.018750000000000093 0.765625 0.12343750000000009 0.85625 0.12343750000000009
5 1 0.012500000000000117 0.9015625 0.012500000000000112 0.9015625 0.1265625000000001 1 0.12656250000000013
12 0.25468750000000007 0.371875 0.16406250000000006 0.371875 0.16406250000000006 0.471875 0.25468750000000007 0.471875
10 0.24218750000000008 0.628125 0.1671875000000001 0.628125 0.1671875000000001 0.7015625 0.24218750000000008 0.7015625
9 0.7390625 0.5000000000000001 0.6515625 0.5 0.6515625 0.6015625000000001 0.7390625 0.6015625000000002
10 0.9859375 0.6265625000000001 0.8984375 0.6265625000000001 0.8984375 0.7046875000000001 0.9859375 0.7046875000000001
10 0.11093750000000009 0.7671875 0.025000000000000088 0.7671875 0.025000000000000095 0.84375 0.11093750000000009 0.84375
7 0.2390625000000001 0.890625 0.13437500000000008 0.890625 0.1343750000000001 0.9921875 0.2390625000000001 0.9921875
9 0.3687500000000001 0.871875 0.27812500000000007 0.871875 0.27812500000000007 1 0.3687500000000001 1
7 0.7718750000000002 0.7500000000000001 0.6703125000000002 0.75 0.6703125000000002 0.8328125 0.7718750000000002 0.8328125
12 1 0.8609375 0.8875 0.8609375 0.8875 0.9609375 1 0.9609375
6 1.0044375444322984 0.004920285307986255 0.005057542620032636 0.0003342337190798162 0.0004701796875001225 1 0.999850181499766 1.0045860515889065