5 0.1515625 1.3203223303307403e-17 0.0640625 7.845393557037732e-18 0.06406250000000001 0.109375 0.1515625 0.109375
3 0.15937500000000002 0.146875 0.09218750000000002 0.146875 0.09218750000000002 0.2328125 0.15937500000000004 0.2328125
3 0.2640625 0.14843750000000006 0.2 0.14843750000000006 0.2 0.2359375 0.2640625 0.2359375
3 0.3906250000000001 0.39843750000000006 0.3265625000000001 0.3984375 0.3265625000000001 0.46875 0.3906250000000001 0.46875
0 0.3875 0.13593750000000004 0.3109375 0.13593750000000004 0.3109375 0.24375000000000005 0.3875 0.24375000000000008
4 0.7453125 0.12656250000000008 0.65625 0.12656250000000008 0.65625 0.26250000000000007 0.7453125 0.26250000000000007
0 0.8625 0.27812500000000007 0.7765625 0.27812500000000007 0.7765625 0.3687500000000001 0.8625 0.3687500000000001
2 0.8546875 0.0218750000000001 0.7640625 0.021875000000000096 0.7640625 0.1359375000000001 0.8546875 0.1359375000000001
5 1 0.023437500000000118 0.896875 0.02343750000000011 0.896875 0.1281250000000001 1 0.12812500000000013
1 0.6203125 0.014062500000000071 0.5328125 0.014062500000000066 0.5328125 0.13750000000000007 0.6203125 0.1375000000000001
12 0.27031250000000007 0.3625 0.17812500000000003 0.3625 0.17812500000000003 0.465625 0.27031250000000007 0.465625
9 0.7375 0.503125 0.65 0.503125 0.65 0.6046875 0.7375 0.6046875000000002
10 0.2484375000000001 0.621875 0.1750000000000001 0.621875 0.1750000000000001 0.6984375 0.2484375000000001 0.6984375
10 0.11875000000000009 0.75625 0.03281250000000009 0.75625 0.03281250000000009 0.8359375 0.11875000000000009 0.8359375
7 0.23593750000000008 0.8953125 0.1359375000000001 0.8953125 0.1359375000000001 0.9875 0.23593750000000008 0.9875
9 0.3593750000000001 0.875 0.2796875000000001 0.875 0.2796875000000001 1 0.3593750000000001 1
11 0.5015625000000001 0.753125 0.4078125000000002 0.753125 0.4078125000000002 0.8609375 0.5015625000000001 0.8609375
7 0.7671875000000001 0.7578125000000001 0.6656250000000001 0.7578125 0.6656250000000001 0.840625 0.7671875000000001 0.840625
12 1 0.8734375 0.878125 0.8734375 0.878125 0.9796875 1 0.9796875
6 1.0293605401417305 0.03025788056519733 0.030083864906529468 -0.0000024845020545751635 1.2212453270876723e-16 0.9934456921875 0.9992766752352011 1.023706057254752