3 0.2359375 0.15781250000000002 0.159375 0.1578125 0.15937500000000002 0.24375 0.2359375 0.24375
0 0.3640625 0.14687500000000003 0.26875 0.14687500000000003 0.26875 0.24531250000000004 0.3640625 0.2453125000000001
5 0.7078125 0.028125000000000084 0.6109375 0.028125000000000077 0.6109375 0.11875000000000009 0.7078125 0.11875000000000009
4 0.7171875 0.13281250000000008 0.60625 0.13281250000000008 0.60625 0.2500000000000001 0.7171875 0.2500000000000001
3 0.3625000000000001 0.4 0.2796875000000001 0.4 0.2796875000000001 0.475 0.3625000000000001 0.475
0 0.8296875 0.2593750000000001 0.74375 0.2593750000000001 0.74375 0.3500000000000001 0.8296875 0.3500000000000001
9 0.715625 0.4890625 0.621875 0.4890625 0.621875 0.5890625 0.715625 0.5890625
10 0.23593750000000008 0.6265625 0.1453125000000001 0.6265625 0.1453125000000001 0.7 0.23593750000000008 0.7
11 0.4906250000000002 0.7390625 0.3937500000000001 0.7390625 0.3937500000000001 0.8375 0.4906250000000002 0.8375
7 0.22656250000000008 0.88125 0.12343750000000009 0.88125 0.12343750000000012 0.9828125 0.22656250000000008 0.9828125
9 0.3593750000000001 0.8734375 0.2640625000000001 0.8734375 0.2640625000000001 0.9875 0.3593750000000001 0.9875
12 0.865625 0.859375 0.7562500000000002 0.859375 0.7562500000000002 0.95625 0.865625 0.95625
6 1.0008797106093046 0.966471126980446 0.9675696318917819 -0.009198831911667862 -0.03265362321065507 0.024949514113448524 0.0006564555068676537 1.0006194730055624