5 0.2359375 0.14843750000000003 0.1359375 0.1484375 0.13593750000000002 0.2515625 0.2359375 0.2515625
3 0.4734375 0.2812500000000001 0.4078125 0.2812500000000001 0.4078125 0.35625000000000007 0.4734375 0.35625000000000007
3 0.8359375 0.1531250000000001 0.7625 0.1531250000000001 0.7625 0.2296875000000001 0.8359375 0.2296875000000001
4 0.4734375 5.109073365192864e-17 0.3609375 4.420209540672478e-17 0.3609375 0.12968750000000004 0.4734375 0.12968750000000004
1 0.5984375 6.697287182837088e-17 0.4953125 6.065828677026735e-17 0.4953125 0.11875000000000006 0.5984375 0.11875000000000009
0 0.7234375 0.13437500000000008 0.65 0.13437500000000008 0.65 0.22656250000000008 0.7234375 0.22656250000000008
9 0.23437500000000008 0.5078125 0.14843750000000006 0.5078125 0.14843750000000006 0.621875 0.23437500000000008 0.621875
12 0.10156250000000008 0.7609375 9.318796737261892e-17 0.7609375 9.902417477480551e-17 0.85625 0.10156250000000008 0.85625
10 0.3421875000000001 0.6515625 0.2718750000000001 0.6515625 0.2718750000000001 0.7296875 0.3421875000000001 0.7296875
10 0.965625 0.6484375000000002 0.8796875 0.6484375000000002 0.8796875 0.7171875000000002 0.965625 0.7171875000000002
7 0.3531250000000001 0.7609375 0.2656250000000001 0.7609375 0.2656250000000001 0.8390625 0.3531250000000001 0.8390625
11 0.6156250000000002 0.75625 0.5203125000000002 0.75625 0.5203125000000002 0.853125 0.6156250000000002 0.853125
8 0.4906250000000002 0.8875 0.3906250000000001 0.8875 0.3906250000000001 1 0.4906250000000002 1
6 1 6.123233995736766e-17 0 0 6.123233995736766e-17 1 1 1