4 0.478125 5.1760462370212344e-17 0.3671875 4.4967499656191874e-17 0.3671875 0.12812500000000004 0.478125 0.12812500000000004
1 0.6015625 6.802530267138814e-17 0.509375 6.23804463315683e-17 0.509375 0.11875000000000006 0.6015625 0.11875000000000009
5 0.2375 0.13593750000000002 0.1453125 0.1359375 0.1453125 0.246875 0.2375 0.246875
3 0.4796875 0.2875000000000001 0.415625 0.2875000000000001 0.415625 0.3593750000000001 0.4796875 0.3593750000000001
9 0.23593750000000008 0.5140625 0.15156250000000004 0.5140625 0.15156250000000007 0.615625 0.23593750000000008 0.615625
10 0.3421875000000001 0.6546875 0.2734375000000001 0.6546875 0.2734375000000001 0.7296875 0.3421875000000001 0.7296875
10 0.9625 0.6484375000000002 0.8765625 0.6484375000000002 0.8765625 0.7203125000000001 0.9625 0.7203125000000001
12 0.11093750000000009 0.76875 9.414472268445279e-17 0.76875 9.940687689953906e-17 0.8546875 0.11093750000000009 0.8546875
11 0.6140625000000002 0.7625 0.5203125000000002 0.7625 0.5203125000000002 0.8625 0.6140625000000002 0.8625
8 0.4890625000000002 0.8859375 0.3937500000000001 0.8859375 0.3937500000000001 1 0.4890625000000002 1
6 1 6.123233995736766e-17 0 0 6.123233995736766e-17 1 1 1