5 0.1484375 0.012500000000000011 0.0421875 0.012500000000000006 0.0421875 0.115625 0.1484375 0.115625
3 0.1375 0.15625 0.06406250000000002 0.15625 0.06406250000000002 0.2296875 0.13750000000000004 0.2296875
3 0.246875 0.15468750000000003 0.178125 0.1546875 0.17812500000000003 0.234375 0.246875 0.234375
3 0.484375 0.39531250000000007 0.41875 0.39531250000000007 0.41875 0.4609375 0.484375 0.4609375
0 0.375 0.14687500000000003 0.2921875 0.14687500000000003 0.2921875 0.24062500000000003 0.375 0.2406250000000001
4 0.7328125 0.1296875000000001 0.64375 0.1296875000000001 0.64375 0.2406250000000001 0.7328125 0.2406250000000001
2 0.85 0.035937500000000094 0.7625 0.03593750000000009 0.7625 0.1296875000000001 0.85 0.1296875000000001
5 0.9875 0.029687500000000117 0.89375 0.02968750000000011 0.89375 0.1281250000000001 0.9875 0.12812500000000013
12 0.25468750000000007 0.375 0.15937500000000004 0.375 0.15937500000000004 0.4609375 0.25468750000000007 0.4609375
12 0.984375 0.8609375 0.8796875 0.8609375 0.8796875 0.9640625 0.984375 0.9640625
10 0.24218750000000008 0.625 0.1609375000000001 0.625 0.1609375000000001 0.6953125 0.24218750000000008 0.6953125
10 0.10937500000000008 0.759375 0.020312500000000094 0.759375 0.0203125000000001 0.84375 0.10937500000000008 0.84375
10 0.9609375 0.6328125000000002 0.8828125 0.6328125000000002 0.8828125 0.7015625000000002 0.9609375 0.7015625000000002
7 0.2312500000000001 0.8921875 0.12656250000000008 0.8921875 0.1265625000000001 0.99375 0.2312500000000001 0.99375
9 0.6171875 0.6203125 0.528125 0.6203125 0.528125 0.7125 0.6171875 0.7125
7 0.7468750000000002 0.7468750000000001 0.6546875000000002 0.746875 0.6546875000000002 0.825 0.7468750000000002 0.825
9 0.3593750000000001 0.878125 0.2750000000000001 0.878125 0.2750000000000001 0.996875 0.3593750000000001 0.996875
6 1.0103398687572256 0.011002419142363978 0.010732021974168993 0.0002716903298854886 1.2212453270876723e-16 1 0.9996078467830566 1.0107307288124785