3 0.2359375 0.14687500000000003 0.1625 0.146875 0.16250000000000003 0.2375 0.2359375 0.2375
0 0.3609375 0.13437500000000005 0.2765625 0.13437500000000005 0.2765625 0.2375 0.3609375 0.2375
4 0.7203125 0.12500000000000008 0.628125 0.12500000000000008 0.628125 0.2484375000000001 0.7203125 0.2484375000000001
5 0.709375 0.017187500000000085 0.628125 0.017187500000000078 0.628125 0.11250000000000009 0.709375 0.11250000000000009
0 0.8484375 0.2562500000000001 0.75625 0.2562500000000001 0.75625 0.3500000000000001 0.8484375 0.3500000000000001
12 0.2453125000000001 0.3703125 0.15000000000000005 0.3703125 0.15000000000000005 0.4625 0.2453125000000001 0.4625
3 0.3750000000000001 0.39531250000000007 0.3031250000000001 0.3953125 0.3031250000000001 0.471875 0.3750000000000001 0.471875
9 0.7234375 0.4875 0.6375 0.4875 0.6375 0.5921875 0.7234375 0.5921875
10 0.2390625000000001 0.6265625 0.15625000000000008 0.6265625 0.15625000000000008 0.696875 0.2390625000000001 0.696875
11 0.4968750000000002 0.7359375 0.4031250000000002 0.7359375 0.4031250000000002 0.8421875 0.4968750000000002 0.8421875
7 0.7609375000000002 0.7312500000000001 0.6593750000000002 0.73125 0.6593750000000002 0.8203125 0.7609375000000002 0.8203125
12 0.8765625 0.85625 0.7656250000000002 0.85625 0.7656250000000002 0.953125 0.8765625 0.953125
9 0.3625000000000001 0.8703125 0.2734375000000001 0.8703125 0.2734375000000001 0.9859375 0.3625000000000001 0.9859375
7 0.23437500000000008 0.890625 0.12656250000000008 0.890625 0.1265625000000001 0.9875 0.23437500000000008 0.9875
6 1.0003146077998417 0.9902650889655066 0.9904970775870343 -0.006185033815828775 -0.009320342462089373 0.0036656727114836537 0.000497187750717977 1.0001157954928188